100 100 3336 1
0
3336
11 87 0.690665
87 11 0.690665
52 93 0.702980
93 52 0.702980
37 10 -0.543429
10 37 -0.543429
48 57 -0.753570
57 48 -0.753570
67 2 0.612814
2 67 0.612814
49 61 0.959644
61 49 0.959644
100 51 -0.691202
51 100 -0.691202
65 93 -0.862239
93 65 -0.862239
60 57 0.579943
57 60 0.579943
15 81 0.815443
81 15 0.815443
32 92 0.554788
92 32 0.554788
16 43 0.414499
43 16 0.414499
2 80 0.609417
80 2 0.609417
24 27 -0.265555
27 24 -0.265555
37 94 -0.245462
94 37 -0.245462
17 43 0.965862
43 17 0.965862
15 42 -0.024516
42 15 -0.024516
31 6 -0.164900
6 31 -0.164900
38 66 0.964743
66 38 0.964743
69 81 0.575892
81 69 0.575892
60 12 -0.271911
12 60 -0.271911
37 28 -0.738522
28 37 -0.738522
8 29 0.849630
29 8 0.849630
88 53 -0.612155
53 88 -0.612155
25 89 -0.735643
89 25 -0.735643
63 6 0.104765
6 63 0.104765
61 21 0.717145
21 61 0.717145
10 52 -0.949158
52 10 -0.949158
52 89 0.362688
89 52 0.362688
50 57 -0.034067
57 50 -0.034067
29 16 0.198095
16 29 0.198095
99 53 1.303193
53 99 1.303193
5 48 0.377588
48 5 0.377588
24 73 0.156592
73 24 0.156592
37 35 -0.308312
35 37 -0.308312
92 96 0.689378
96 92 0.689378
89 6 -0.288398
6 89 -0.288398
92 57 -0.521595
57 92 -0.521595
60 6 0.610471
6 60 0.610471
8 35 0.923241
35 8 0.923241
68 33 -0.950188
33 68 -0.950188
56 45 -0.830243
45 56 -0.830243
72 49 0.127419
49 72 0.127419
41 72 -0.421066
72 41 -0.421066
98 9 0.278841
9 98 0.278841
62 1 0.193002
1 62 0.193002
47 89 0.296900
89 47 0.296900
82 81 -0.574365
81 82 -0.574365
6 40 -0.456049
40 6 -0.456049
87 48 0.227739
48 87 0.227739
83 15 0.880940
15 83 0.880940
31 70 -0.234967
70 31 -0.234967
40 42 0.729647
42 40 0.729647
96 82 0.162628
82 96 0.162628
25 80 0.328332
80 25 0.328332
89 41 0.331524
41 89 0.331524
49 87 -0.128475
87 49 -0.128475
14 69 -0.289602
69 14 -0.289602
35 75 0.499609
75 35 0.499609
62 61 -0.557835
61 62 -0.557835
24 43 -0.889131
43 24 -0.889131
18 74 -0.607535
74 18 -0.607535
56 14 -0.047859
14 56 -0.047859
42 9 -0.424138
9 42 -0.424138
100 34 -0.840807
34 100 -0.840807
67 23 -0.023894
23 67 -0.023894
33 71 -0.781074
71 33 -0.781074
89 84 -0.003738
84 89 -0.003738
24 19 0.577825
19 24 0.577825
99 80 -0.211330
80 99 -0.211330
21 3 0.646195
3 21 0.646195
58 20 0.121903
20 58 0.121903
65 76 -0.466510
76 65 -0.466510
12 18 0.564555
18 12 0.564555
41 17 -0.762147
17 41 -0.762147
49 84 -0.315715
84 49 -0.315715
98 17 -0.903147
17 98 -0.903147
34 5 1.611571
5 34 1.611571
38 29 -0.863268
29 38 -0.863268
17 28 0.733630
28 17 0.733630
57 49 0.716804
49 57 0.716804
39 7 -0.810550
7 39 -0.810550
95 71 0.694345
71 95 0.694345
64 83 -0.964778
83 64 -0.964778
54 72 -1.611773
72 54 -1.611773
89 70 -0.633969
70 89 -0.633969
94 3 -0.542012
3 94 -0.542012
82 41 0.027408
41 82 0.027408
89 58 0.573898
58 89 0.573898
76 14 -0.460376
14 76 -0.460376
65 52 -0.339254
52 65 -0.339254
75 47 -0.931300
47 75 -0.931300
59 11 0.166941
11 59 0.166941
61 53 -0.822608
53 61 -0.822608
80 7 1.558577
7 80 1.558577
82 95 -0.000887
95 82 -0.000887
100 88 0.051156
88 100 0.051156
23 69 0.859734
69 23 0.859734
75 58 0.002672
58 75 0.002672
53 33 0.268640
33 53 0.268640
80 98 -0.696167
98 80 -0.696167
13 72 0.230155
72 13 0.230155
17 31 0.433156
31 17 0.433156
2 92 -0.522610
92 2 -0.522610
11 71 -0.399288
71 11 -0.399288
92 52 -0.512596
52 92 -0.512596
42 52 -0.765680
52 42 -0.765680
94 75 0.613917
75 94 0.613917
38 1 0.199375
1 38 0.199375
1 81 0.360963
81 1 0.360963
16 94 -0.209671
94 16 -0.209671
78 10 0.397423
10 78 0.397423
49 12 0.217466
12 49 0.217466
73 23 -0.374834
23 73 -0.374834
3 14 0.661662
14 3 0.661662
28 56 -0.307017
56 28 -0.307017
39 50 -0.822882
50 39 -0.822882
20 37 0.141475
37 20 0.141475
58 74 0.159952
74 58 0.159952
29 74 -0.593306
74 29 -0.593306
97 90 -0.361117
90 97 -0.361117
37 67 0.093066
67 37 0.093066
6 16 -0.919508
16 6 -0.919508
67 89 0.502426
89 67 0.502426
99 92 0.776747
92 99 0.776747
82 19 -0.348579
19 82 -0.348579
16 58 0.005238
58 16 0.005238
25 77 -0.416044
77 25 -0.416044
82 35 -0.952087
35 82 -0.952087
40 63 0.325821
63 40 0.325821
79 60 1.091587
60 79 1.091587
11 96 -0.354310
96 11 -0.354310
52 2 -0.042555
2 52 -0.042555
5 69 -0.275558
69 5 -0.275558
80 67 -0.452606
67 80 -0.452606
69 48 -0.086297
48 69 -0.086297
13 64 -0.942309
64 13 -0.942309
6 88 0.593274
88 6 0.593274
35 70 -0.716621
70 35 -0.716621
38 10 0.542984
10 38 0.542984
14 88 -0.266948
88 14 -0.266948
79 98 -0.356088
98 79 -0.356088
12 50 -0.327012
50 12 -0.327012
60 55 -0.962256
55 60 -0.962256
96 34 0.363348
34 96 0.363348
23 3 -1.037649
3 23 -1.037649
69 15 0.575064
15 69 0.575064
72 21 0.716772
21 72 0.716772
51 56 -0.278423
56 51 -0.278423
66 93 -0.094088
93 66 -0.094088
43 6 -0.343543
6 43 -0.343543
79 85 -0.387907
85 79 -0.387907
12 96 0.601602
96 12 0.601602
45 55 -0.317515
55 45 -0.317515
47 51 0.357166
51 47 0.357166
15 73 1.337044
73 15 1.337044
31 42 0.697740
42 31 0.697740
10 13 -1.740157
13 10 -1.740157
76 64 0.298244
64 76 0.298244
12 29 -0.549130
29 12 -0.549130
58 71 0.171057
71 58 0.171057
90 50 -0.136152
50 90 -0.136152
1 6 0.879210
6 1 0.879210
35 52 -0.781129
52 35 -0.781129
3 67 -0.331118
67 3 -0.331118
73 98 0.765477
98 73 0.765477
58 7 1.398115
7 58 1.398115
63 82 -0.446201
82 63 -0.446201
24 94 0.253218
94 24 0.253218
77 51 -0.333128
51 77 -0.333128
35 41 0.658000
41 35 0.658000
78 61 0.520122
61 78 0.520122
17 62 -0.022597
62 17 -0.022597
11 97 -0.983591
97 11 -0.983591
56 99 0.350880
99 56 0.350880
73 72 -0.427441
72 73 -0.427441
31 29 0.415664
29 31 0.415664
36 15 0.887879
15 36 0.887879
99 91 0.936069
91 99 0.936069
32 26 -0.254464
26 32 -0.254464
15 4 0.964308
4 15 0.964308
58 21 0.193988
21 58 0.193988
7 32 0.117060
32 7 0.117060
8 87 0.090691
87 8 0.090691
76 59 -0.482726
59 76 -0.482726
40 89 0.094548
89 40 0.094548
11 90 -0.072212
90 11 -0.072212
64 26 0.225949
26 64 0.225949
10 24 0.045716
24 10 0.045716
7 55 0.558147
55 7 0.558147
44 70 1.186195
70 44 1.186195
42 27 -0.966703
27 42 -0.966703
2 34 -0.344023
34 2 -0.344023
58 42 -0.621201
42 58 -0.621201
12 17 0.543280
17 12 0.543280
38 56 0.315883
56 38 0.315883
93 67 0.112805
67 93 0.112805
39 30 0.618033
30 39 0.618033
100 39 -0.915215
39 100 -0.915215
53 45 0.179934
45 53 0.179934
31 89 -0.438522
89 31 -0.438522
12 30 0.099934
30 12 0.099934
14 32 0.772703
32 14 0.772703
46 89 -0.403805
89 46 -0.403805
65 100 -0.078710
100 65 -0.078710
43 38 -0.959735
38 43 -0.959735
8 30 -0.282970
30 8 -0.282970
64 69 0.959164
69 64 0.959164
45 69 -0.264779
69 45 -0.264779
49 21 0.633022
21 49 0.633022
8 51 0.398103
51 8 0.398103
36 63 0.038245
63 36 0.038245
91 76 -0.382982
76 91 -0.382982
80 22 -0.618101
22 80 -0.618101
10 87 -0.619893
87 10 -0.619893
56 29 0.128915
29 56 0.128915
58 37 0.722870
37 58 0.722870
26 100 0.089762
100 26 0.089762
24 44 -0.544461
44 24 -0.544461
61 93 -0.134084
93 61 -0.134084
43 1 0.879040
1 43 0.879040
12 36 0.122001
36 12 0.122001
12 27 -0.371903
27 12 -0.371903
62 16 -0.669939
16 62 -0.669939
81 71 0.340727
71 81 0.340727
38 28 -0.138374
28 38 -0.138374
24 54 -0.946638
54 24 -0.946638
78 77 -0.067469
77 78 -0.067469
44 80 -0.113271
80 44 -0.113271
38 92 -0.040736
92 38 -0.040736
26 46 -0.840462
46 26 -0.840462
78 8 -0.538128
8 78 -0.538128
17 88 0.868438
88 17 0.868438
84 25 -0.580500
25 84 -0.580500
90 26 0.020628
26 90 0.020628
37 27 0.765078
27 37 0.765078
76 70 0.350215
70 76 0.350215
15 8 0.174141
8 15 0.174141
91 2 0.231630
2 91 0.231630
93 27 -0.860299
27 93 -0.860299
1 5 -0.719749
5 1 -0.719749
24 22 -0.966611
22 24 -0.966611
17 6 -0.471970
6 17 -0.471970
12 82 -0.999809
82 12 -0.999809
63 18 -0.447941
18 63 -0.447941
52 94 0.098073
94 52 0.098073
19 8 -0.925535
8 19 -0.925535
78 99 -0.895864
99 78 -0.895864
39 91 -0.615436
91 39 -0.615436
46 91 -0.269036
91 46 -0.269036
60 14 0.157845
14 60 0.157845
62 31 0.259905
31 62 0.259905
89 69 0.809498
69 89 0.809498
63 80 -0.270762
80 63 -0.270762
63 43 0.082404
43 63 0.082404
89 95 -0.056856
95 89 -0.056856
85 13 0.100350
13 85 0.100350
89 91 0.061517
91 89 0.061517
94 29 -0.133209
29 94 -0.133209
26 75 -0.324291
75 26 -0.324291
63 35 -0.049856
35 63 -0.049856
20 97 0.558533
97 20 0.558533
83 85 -0.079623
85 83 -0.079623
38 47 -0.480481
47 38 -0.480481
75 10 0.376587
10 75 0.376587
29 98 0.256658
98 29 0.256658
76 83 0.509948
83 76 0.509948
31 71 0.310598
71 31 0.310598
84 65 0.890240
65 84 0.890240
28 90 -0.104633
90 28 -0.104633
61 52 -0.914152
52 61 -0.914152
9 72 -0.984545
72 9 -0.984545
87 55 0.705422
55 87 0.705422
33 93 -0.357206
93 33 -0.357206
59 67 -0.172239
67 59 -0.172239
28 96 -0.216663
96 28 -0.216663
90 71 -0.569055
71 90 -0.569055
66 2 0.845052
2 66 0.845052
31 86 1.050388
86 31 1.050388
26 13 -0.076297
13 26 -0.076297
95 73 0.957745
73 95 0.957745
100 82 0.389765
82 100 0.389765
100 68 -0.520332
68 100 -0.520332
86 100 -0.673297
100 86 -0.673297
18 58 0.660106
58 18 0.660106
59 86 0.253210
86 59 0.253210
98 75 -0.023622
75 98 -0.023622
20 41 0.002739
41 20 0.002739
12 72 -0.634859
72 12 -0.634859
69 97 -0.056393
97 69 -0.056393
15 92 -0.599386
92 15 -0.599386
13 91 -0.975950
91 13 -0.975950
82 91 0.372447
91 82 0.372447
6 76 0.366184
76 6 0.366184
23 94 -0.475220
94 23 -0.475220
6 52 -0.775180
52 6 -0.775180
84 50 0.722963
50 84 0.722963
33 70 -0.470843
70 33 -0.470843
83 82 0.954000
82 83 0.954000
18 50 0.887731
50 18 0.887731
65 64 1.701551
64 65 1.701551
85 76 0.533425
76 85 0.533425
86 58 0.346689
58 86 0.346689
55 64 -0.135861
64 55 -0.135861
23 86 -0.442370
86 23 -0.442370
49 91 1.532192
91 49 1.532192
61 74 -0.235011
74 61 -0.235011
47 6 -0.848738
6 47 -0.848738
73 88 0.771610
88 73 0.771610
71 6 -0.244173
6 71 -0.244173
65 70 -0.193014
70 65 -0.193014
51 55 0.544720
55 51 0.544720
28 40 -0.303094
40 28 -0.303094
95 95 25.963843
38 17 0.672233
17 38 0.672233
75 66 0.482182
66 75 0.482182
63 26 -0.044026
26 63 -0.044026
2 73 0.069986
73 2 0.069986
9 45 -0.173043
45 9 -0.173043
98 16 0.660154
16 98 0.660154
35 81 -1.446735
81 35 -1.446735
37 31 -0.194107
31 37 -0.194107
14 59 -0.799182
59 14 -0.799182
49 53 -0.916173
53 49 -0.916173
47 91 -0.580418
91 47 -0.580418
31 66 0.732862
66 31 0.732862
5 29 -0.751511
29 5 -0.751511
53 30 0.689425
30 53 0.689425
6 38 -1.128277
38 6 -1.128277
47 35 0.767725
35 47 0.767725
94 70 -0.511236
70 94 -0.511236
10 7 0.103952
7 10 0.103952
80 20 -0.291997
20 80 -0.291997
90 69 0.326654
69 90 0.326654
95 15 0.144996
15 95 0.144996
16 46 -0.548720
46 16 -0.548720
2 50 0.013245
50 2 0.013245
15 2 0.595881
2 15 0.595881
99 8 -0.649550
8 99 -0.649550
28 55 0.048563
55 28 0.048563
73 48 -0.553954
48 73 -0.553954
97 58 -0.429485
58 97 -0.429485
52 38 0.792354
38 52 0.792354
66 27 -0.540493
27 66 -0.540493
32 21 -1.317356
21 32 -1.317356
89 36 0.530643
36 89 0.530643
12 38 -0.480561
38 12 -0.480561
63 52 -0.448922
52 63 -0.448922
42 51 -0.304454
51 42 -0.304454
12 51 -0.266385
51 12 -0.266385
63 99 -0.379588
99 63 -0.379588
11 65 0.158585
65 11 0.158585
59 85 -1.183985
85 59 -1.183985
36 96 -0.554914
96 36 -0.554914
62 58 -0.917996
58 62 -0.917996
90 100 0.086574
100 90 0.086574
24 60 0.396104
60 24 0.396104
13 71 0.651817
71 13 0.651817
50 5 -0.410049
5 50 -0.410049
44 68 -0.434701
68 44 -0.434701
75 79 0.845548
79 75 0.845548
33 7 0.757351
7 33 0.757351
12 66 0.445704
66 12 0.445704
27 1 0.361888
1 27 0.361888
79 63 -0.480854
63 79 -0.480854
83 52 -0.486640
52 83 -0.486640
37 75 0.694978
75 37 0.694978
70 88 0.112565
88 70 0.112565
10 56 -0.864356
56 10 -0.864356
2 88 -0.742315
88 2 -0.742315
90 99 0.559137
99 90 0.559137
63 25 0.570640
25 63 0.570640
31 4 -0.188366
4 31 -0.188366
57 86 0.833196
86 57 0.833196
82 23 0.330872
23 82 0.330872
67 92 0.084464
92 67 0.084464
23 44 1.402960
44 23 1.402960
83 26 0.439267
26 83 0.439267
11 35 -0.460083
35 11 -0.460083
18 37 -0.711877
37 18 -0.711877
31 27 -0.738742
27 31 -0.738742
9 89 -0.244316
89 9 -0.244316
88 19 -0.017082
19 88 -0.017082
28 75 -0.464365
75 28 -0.464365
20 57 -0.010262
57 20 -0.010262
41 46 0.705424
46 41 0.705424
32 28 -0.791224
28 32 -0.791224
4 39 -0.095584
39 4 -0.095584
31 57 1.047383
57 31 1.047383
45 88 -0.833445
88 45 -0.833445
58 96 0.936110
96 58 0.936110
96 83 -0.691556
83 96 -0.691556
37 11 0.802703
11 37 0.802703
64 30 -1.020475
30 64 -1.020475
13 16 0.392057
16 13 0.392057
55 57 -0.705306
57 55 -0.705306
40 88 -0.147674
88 40 -0.147674
51 92 0.629247
92 51 0.629247
96 22 -0.238897
22 96 -0.238897
78 67 0.428996
67 78 0.428996
86 25 -0.578192
25 86 -0.578192
83 20 -0.919566
20 83 -0.919566
98 57 -0.706910
57 98 -0.706910
88 21 -0.107030
21 88 -0.107030
35 34 0.210947
34 35 0.210947
5 88 -0.668515
88 5 -0.668515
19 28 -1.373652
28 19 -1.373652
62 78 0.902270
78 62 0.902270
43 73 -0.668299
73 43 -0.668299
82 51 0.658586
51 82 0.658586
7 36 -0.855817
36 7 -0.855817
32 16 0.678375
16 32 0.678375
47 4 -0.917586
4 47 -0.917586
52 43 -0.501716
43 52 -0.501716
68 62 0.227510
62 68 0.227510
72 23 -0.057021
23 72 -0.057021
68 66 -0.949831
66 68 -0.949831
84 47 0.051726
47 84 0.051726
67 54 0.764984
54 67 0.764984
74 81 -0.873948
81 74 -0.873948
2 13 -0.556626
13 2 -0.556626
90 49 0.287140
49 90 0.287140
52 69 0.313321
69 52 0.313321
4 40 0.698141
40 4 0.698141
34 8 0.144094
8 34 0.144094
36 91 -0.916759
91 36 -0.916759
77 32 -0.161165
32 77 -0.161165
83 33 0.003797
33 83 0.003797
5 17 -0.832835
17 5 -0.832835
31 7 0.145044
7 31 0.145044
96 33 0.148382
33 96 0.148382
3 84 -0.118601
84 3 -0.118601
71 88 0.308063
88 71 0.308063
62 21 0.858318
21 62 0.858318
20 56 0.262718
56 20 0.262718
24 45 -0.591738
45 24 -0.591738
81 21 0.029662
21 81 0.029662
19 4 0.671096
4 19 0.671096
69 9 -0.989062
9 69 -0.989062
78 40 -0.868398
40 78 -0.868398
35 35 24.779117
18 8 -0.805844
8 18 -0.805844
83 70 -0.399960
70 83 -0.399960
56 89 0.719590
89 56 0.719590
19 12 -0.627548
12 19 -0.627548
39 93 0.019849
93 39 0.019849
91 12 0.091594
12 91 0.091594
81 92 -0.248254
92 81 -0.248254
20 84 0.493831
84 20 0.493831
43 2 0.646994
2 43 0.646994
53 84 0.036813
84 53 0.036813
83 40 -0.192618
40 83 -0.192618
69 58 0.791619
58 69 0.791619
99 97 -0.110910
97 99 -0.110910
50 87 0.517404
87 50 0.517404
4 61 -0.289136
61 4 -0.289136
68 35 0.856451
35 68 0.856451
70 16 0.692605
16 70 0.692605
8 36 0.367708
36 8 0.367708
83 79 0.390425
79 83 0.390425
65 31 0.068820
31 65 0.068820
17 13 0.851738
13 17 0.851738
57 81 0.001900
81 57 0.001900
9 79 -0.072434
79 9 -0.072434
54 29 -0.341601
29 54 -0.341601
9 33 0.865495
33 9 0.865495
45 100 -0.440209
100 45 -0.440209
38 70 -0.127111
70 38 -0.127111
22 77 0.583907
77 22 0.583907
91 59 0.144611
59 91 0.144611
14 40 0.997589
40 14 0.997589
6 97 0.609493
97 6 0.609493
56 6 0.189402
6 56 0.189402
3 59 0.757166
59 3 0.757166
36 68 -0.595621
68 36 -0.595621
100 71 0.315746
71 100 0.315746
80 61 -0.506917
61 80 -0.506917
37 21 -0.040272
21 37 -0.040272
24 34 0.752495
34 24 0.752495
24 39 0.678766
39 24 0.678766
5 95 0.780483
95 5 0.780483
64 97 -0.053263
97 64 -0.053263
52 32 -0.711673
32 52 -0.711673
72 61 -0.483885
61 72 -0.483885
92 17 0.486553
17 92 0.486553
81 17 -0.107755
17 81 -0.107755
47 96 -0.899099
96 47 -0.899099
19 57 0.167195
57 19 0.167195
91 85 0.839434
85 91 0.839434
80 48 0.991981
48 80 0.991981
27 100 -0.583847
100 27 -0.583847
42 72 0.622723
72 42 0.622723
68 63 0.442524
63 68 0.442524
42 44 -0.709960
44 42 -0.709960
87 90 -0.792417
90 87 -0.792417
92 61 -0.146372
61 92 -0.146372
17 80 0.977335
80 17 0.977335
75 87 0.576291
87 75 0.576291
72 77 0.259990
77 72 0.259990
64 57 -0.782167
57 64 -0.782167
74 25 0.631833
25 74 0.631833
55 92 -0.113449
92 55 -0.113449
67 19 0.543522
19 67 0.543522
78 11 -0.245396
11 78 -0.245396
21 27 -0.655162
27 21 -0.655162
19 1 -0.933281
1 19 -0.933281
61 37 -0.277797
37 61 -0.277797
72 90 -0.616973
90 72 -0.616973
64 18 -0.301330
18 64 -0.301330
8 70 0.356157
70 8 0.356157
96 37 0.734517
37 96 0.734517
28 53 -0.523728
53 28 -0.523728
31 51 0.930345
51 31 0.930345
11 12 -1.009196
12 11 -1.009196
47 83 -0.554399
83 47 -0.554399
67 65 0.699826
65 67 0.699826
10 29 -0.953443
29 10 -0.953443
45 37 0.442182
37 45 0.442182
13 32 -0.498379
32 13 -0.498379
100 5 -0.437753
5 100 -0.437753
96 15 0.139045
15 96 0.139045
19 43 -0.802249
43 19 -0.802249
43 74 0.210229
74 43 0.210229
40 84 0.436469
84 40 0.436469
73 31 0.094304
31 73 0.094304
95 98 -0.609277
98 95 -0.609277
82 52 0.681359
52 82 0.681359
54 64 -0.686007
64 54 -0.686007
63 63 24.398981
43 78 0.534668
78 43 0.534668
53 21 -0.003076
21 53 -0.003076
13 60 -0.323293
60 13 -0.323293
85 32 0.296221
32 85 0.296221
40 26 0.238493
26 40 0.238493
7 88 -0.573477
88 7 -0.573477
92 41 0.672894
41 92 0.672894
7 4 -0.557083
4 7 -0.557083
27 90 -1.452922
90 27 -1.452922
62 32 0.648269
32 62 0.648269
38 85 -0.951363
85 38 -0.951363
88 98 0.231691
98 88 0.231691
22 83 0.858589
83 22 0.858589
87 22 -0.625068
22 87 -0.625068
49 81 -0.519453
81 49 -0.519453
18 88 -0.778010
88 18 -0.778010
37 79 0.041443
79 37 0.041443
21 86 0.115650
86 21 0.115650
68 13 -0.097569
13 68 -0.097569
73 74 0.540831
74 73 0.540831
55 12 0.228603
12 55 0.228603
57 99 0.070338
99 57 0.070338
19 21 -0.180586
21 19 -0.180586
12 7 0.253227
7 12 0.253227
31 56 -0.131864
56 31 -0.131864
55 73 -0.378302
73 55 -0.378302
66 10 -0.804725
10 66 -0.804725
18 30 0.902858
30 18 0.902858
74 97 -0.856571
97 74 -0.856571
19 70 0.607915
70 19 0.607915
96 24 0.427969
24 96 0.427969
16 99 -0.779649
99 16 -0.779649
57 11 -0.640425
11 57 -0.640425
63 95 -0.087860
95 63 -0.087860
94 60 0.098232
60 94 0.098232
4 78 0.696895
78 4 0.696895
99 51 0.636415
51 99 0.636415
6 69 0.017036
69 6 0.017036
87 65 0.487025
65 87 0.487025
78 21 0.095019
21 78 0.095019
69 37 0.072710
37 69 0.072710
80 93 0.278686
93 80 0.278686
98 12 -0.912121
12 98 -0.912121
71 75 0.980836
75 71 0.980836
17 69 0.179548
69 17 0.179548
71 72 -0.274543
72 71 -0.274543
56 71 1.222354
71 56 1.222354
38 76 0.108246
76 38 0.108246
89 63 0.082318
63 89 0.082318
72 88 0.384422
88 72 0.384422
36 85 0.623388
85 36 0.623388
40 55 0.113816
55 40 0.113816
39 71 -0.522596
71 39 -0.522596
98 42 0.909428
42 98 0.909428
34 98 0.312744
98 34 0.312744
21 36 -0.169217
36 21 -0.169217
76 24 -0.928540
24 76 -0.928540
96 87 -0.134241
87 96 -0.134241
36 4 0.023242
4 36 0.023242
12 76 -0.235742
76 12 -0.235742
82 11 -0.551618
11 82 -0.551618
63 50 0.541342
50 63 0.541342
19 89 -0.044724
89 19 -0.044724
42 87 0.788416
87 42 0.788416
38 20 0.721899
20 38 0.721899
4 41 -0.560584
41 4 -0.560584
45 17 -0.089273
17 45 -0.089273
92 48 -0.281903
48 92 -0.281903
43 60 -0.778113
60 43 -0.778113
81 41 -0.571333
41 81 -0.571333
4 3 0.426318
3 4 0.426318
29 63 -0.083713
63 29 -0.083713
18 1 0.313609
1 18 0.313609
5 4 -0.878146
4 5 -0.878146
27 48 -0.550732
48 27 -0.550732
72 96 -0.315762
96 72 -0.315762
4 88 0.630007
88 4 0.630007
40 31 -0.184643
31 40 -0.184643
51 11 0.624711
11 51 0.624711
44 95 -0.900590
95 44 -0.900590
4 23 -0.433148
23 4 -0.433148
50 40 0.360581
40 50 0.360581
15 45 0.425971
45 15 0.425971
21 71 -0.617071
71 21 -0.617071
44 43 -0.697086
43 44 -0.697086
78 47 -0.948314
47 78 -0.948314
60 87 -0.347514
87 60 -0.347514
100 37 -0.130428
37 100 -0.130428
82 10 0.151326
10 82 0.151326
66 53 0.039091
53 66 0.039091
6 20 0.173010
20 6 0.173010
78 41 -0.414098
41 78 -0.414098
97 85 0.436297
85 97 0.436297
12 62 -0.637191
62 12 -0.637191
15 21 -0.916463
21 15 -0.916463
47 21 -0.179634
21 47 -0.179634
48 68 -0.945351
68 48 -0.945351
100 38 0.174096
38 100 0.174096
75 76 -0.492585
76 75 -0.492585
89 82 0.675749
82 89 0.675749
48 59 -0.506584
59 48 -0.506584
77 55 -0.821136
55 77 -0.821136
49 67 -0.034795
67 49 -0.034795
67 81 0.835821
81 67 0.835821
71 28 -0.747304
28 71 -0.747304
62 66 0.634185
66 62 0.634185
65 66 -0.620336
66 65 -0.620336
24 40 0.884079
40 24 0.884079
87 28 0.508010
28 87 0.508010
71 76 -0.322571
76 71 -0.322571
96 52 0.775263
52 96 0.775263
76 67 -0.283395
67 76 -0.283395
80 49 0.617035
49 80 0.617035
95 11 -0.073816
11 95 -0.073816
90 85 0.577883
85 90 0.577883
65 56 0.080213
56 65 0.080213
99 52 -0.888019
52 99 -0.888019
88 56 -0.890516
56 88 -0.890516
43 31 0.435531
31 43 0.435531
42 78 0.144235
78 42 0.144235
81 43 -0.199533
43 81 -0.199533
32 32 24.497416
10 96 0.609864
96 10 0.609864
64 95 -0.368775
95 64 -0.368775
70 82 0.740363
82 70 0.740363
47 3 -0.693220
3 47 -0.693220
56 44 0.852577
44 56 0.852577
13 66 0.282664
66 13 0.282664
23 15 0.077924
15 23 0.077924
63 46 0.706842
46 63 0.706842
68 20 0.050563
20 68 0.050563
100 89 0.142515
89 100 0.142515
4 11 0.660604
11 4 0.660604
20 67 -0.470142
67 20 -0.470142
12 80 0.844380
80 12 0.844380
77 60 -0.469645
60 77 -0.469645
88 82 -0.181396
82 88 -0.181396
27 32 -0.162927
32 27 -0.162927
9 99 0.225389
99 9 0.225389
84 99 0.005145
99 84 0.005145
41 85 -0.714174
85 41 -0.714174
22 89 -0.010449
89 22 -0.010449
5 8 0.830212
8 5 0.830212
32 20 0.411812
20 32 0.411812
51 84 -1.062158
84 51 -1.062158
92 26 0.108306
26 92 0.108306
78 52 0.732339
52 78 0.732339
20 61 0.710955
61 20 0.710955
81 44 0.675380
44 81 0.675380
31 85 0.365975
85 31 0.365975
46 7 0.136349
7 46 0.136349
71 12 0.293281
12 71 0.293281
62 44 0.734990
44 62 0.734990
33 67 0.607217
67 33 0.607217
74 9 0.385619
9 74 0.385619
30 86 -0.180418
86 30 -0.180418
2 86 -0.097026
86 2 -0.097026
86 17 -0.397958
17 86 -0.397958
54 63 -0.260220
63 54 -0.260220
11 33 -0.023209
33 11 -0.023209
75 95 0.842934
95 75 0.842934
60 27 0.182588
27 60 0.182588
4 63 0.692103
63 4 0.692103
93 92 0.408783
92 93 0.408783
35 10 0.230810
10 35 0.230810
80 95 0.566692
95 80 0.566692
10 48 -0.193306
48 10 -0.193306
47 58 0.453777
58 47 0.453777
88 92 0.871634
92 88 0.871634
48 32 0.651205
32 48 0.651205
24 36 -0.004836
36 24 -0.004836
9 28 -0.256099
28 9 -0.256099
79 62 -0.102329
62 79 -0.102329
55 97 0.078124
97 55 0.078124
16 77 -0.039361
77 16 -0.039361
94 87 0.677701
87 94 0.677701
74 17 0.558356
17 74 0.558356
68 65 -0.807788
65 68 -0.807788
51 88 -0.101590
88 51 -0.101590
96 96 25.456900
33 74 -0.312736
74 33 -0.312736
78 28 -0.387505
28 78 -0.387505
32 44 -0.864433
44 32 -0.864433
80 38 0.858523
38 80 0.858523
75 72 -0.478859
72 75 -0.478859
29 79 0.100214
79 29 0.100214
15 53 0.438675
53 15 0.438675
93 21 -0.280886
21 93 -0.280886
2 71 -0.532361
71 2 -0.532361
47 66 -0.623645
66 47 -0.623645
20 99 0.854043
99 20 0.854043
54 76 -0.586074
76 54 -0.586074
85 8 0.286815
8 85 0.286815
92 87 -0.960601
87 92 -0.960601
85 62 0.478375
62 85 0.478375
66 4 -0.885015
4 66 -0.885015
38 96 -0.477594
96 38 -0.477594
74 98 0.351927
98 74 0.351927
97 45 0.246591
45 97 0.246591
16 64 0.213113
64 16 0.213113
9 18 -0.271774
18 9 -0.271774
29 2 -0.129945
2 29 -0.129945
94 94 24.599237
96 78 0.826964
78 96 0.826964
69 88 0.619365
88 69 0.619365
22 53 0.695174
53 22 0.695174
51 60 -0.551764
60 51 -0.551764
13 75 0.721458
75 13 0.721458
74 83 -0.928769
83 74 -0.928769
10 12 -0.889951
12 10 -0.889951
54 5 1.320013
5 54 1.320013
84 100 0.520045
100 84 0.520045
75 69 0.270886
69 75 0.270886
56 91 -0.673781
91 56 -0.673781
41 18 -0.875283
18 41 -0.875283
100 22 -0.423810
22 100 -0.423810
22 35 0.041790
35 22 0.041790
8 8 25.730444
17 71 -1.636698
71 17 -1.636698
16 54 -0.952402
54 16 -0.952402
92 29 0.419471
29 92 0.419471
55 84 0.412143
84 55 0.412143
72 24 1.388581
24 72 1.388581
78 45 0.020555
45 78 0.020555
47 44 0.458586
44 47 0.458586
80 73 -0.698271
73 80 -0.698271
66 84 0.458199
84 66 0.458199
64 1 -0.942657
1 64 -0.942657
67 16 -0.658076
16 67 -0.658076
69 7 0.688493
7 69 0.688493
40 62 0.356807
62 40 0.356807
2 33 0.828576
33 2 0.828576
81 10 -0.283452
10 81 -0.283452
32 57 0.585023
57 32 0.585023
5 32 -0.117764
32 5 -0.117764
27 77 0.998483
77 27 0.998483
60 41 0.998797
41 60 0.998797
63 7 -0.695935
7 63 -0.695935
19 76 -0.565667
76 19 -0.565667
4 16 0.660487
16 4 0.660487
63 97 -0.496175
97 63 -0.496175
99 29 0.631220
29 99 0.631220
78 33 -0.732880
33 78 -0.732880
22 45 -0.515317
45 22 -0.515317
39 72 -0.985647
72 39 -0.985647
38 32 -0.181899
32 38 -0.181899
38 94 -0.049517
94 38 -0.049517
54 13 -0.540902
13 54 -0.540902
75 16 -0.236584
16 75 -0.236584
58 87 0.091132
87 58 0.091132
74 49 0.029499
49 74 0.029499
99 47 0.599072
47 99 0.599072
81 25 -0.741564
25 81 -0.741564
94 46 0.155533
46 94 0.155533
18 84 -0.407910
84 18 -0.407910
19 22 0.216287
22 19 0.216287
60 60 25.085464
7 13 0.328084
13 7 0.328084
30 88 0.632638
88 30 0.632638
68 46 0.355935
46 68 0.355935
23 19 -0.673451
19 23 -0.673451
54 98 0.744398
98 54 0.744398
67 91 -0.341108
91 67 -0.341108
25 9 -0.665842
9 25 -0.665842
55 27 -0.231321
27 55 -0.231321
16 86 0.961251
86 16 0.961251
70 93 -0.784060
93 70 -0.784060
36 23 0.967078
23 36 0.967078
18 91 -0.124848
91 18 -0.124848
86 13 0.248908
13 86 0.248908
2 87 0.592170
87 2 0.592170
65 41 0.536158
41 65 0.536158
52 8 0.347993
8 52 0.347993
40 2 0.759833
2 40 0.759833
38 71 0.611529
71 38 0.611529
49 7 -0.942211
7 49 -0.942211
48 24 0.733602
24 48 0.733602
91 9 -0.884617
9 91 -0.884617
54 10 0.847349
10 54 0.847349
33 75 -0.343001
75 33 -0.343001
10 27 -0.197231
27 10 -0.197231
53 13 0.161359
13 53 0.161359
55 52 0.182555
52 55 0.182555
43 90 -0.410754
90 43 -0.410754
27 86 0.176003
86 27 0.176003
20 77 0.344641
77 20 0.344641
26 30 -0.419732
30 26 -0.419732
51 72 0.550240
72 51 0.550240
63 2 -0.994159
2 63 -0.994159
21 57 0.043086
57 21 0.043086
80 100 -0.162563
100 80 -0.162563
10 23 1.168336
23 10 1.168336
45 49 0.312359
49 45 0.312359
4 69 -0.164840
69 4 -0.164840
71 94 0.422146
94 71 0.422146
48 11 -0.334512
11 48 -0.334512
100 62 -0.898658
62 100 -0.898658
77 52 0.077701
52 77 0.077701
65 15 0.106925
15 65 0.106925
66 35 -1.092317
35 66 -1.092317
18 15 -0.785394
15 18 -0.785394
40 69 0.639863
69 40 0.639863
6 72 0.002947
72 6 0.002947
47 43 -0.130938
43 47 -0.130938
19 91 0.085557
91 19 0.085557
52 90 -0.690569
90 52 -0.690569
57 67 0.343454
67 57 0.343454
11 32 0.627817
32 11 0.627817
66 97 -0.676121
97 66 -0.676121
78 14 -0.385805
14 78 -0.385805
88 74 0.088011
74 88 0.088011
22 13 -0.545155
13 22 -0.545155
4 18 0.890698
18 4 0.890698
54 65 -0.259788
65 54 -0.259788
97 83 -0.454635
83 97 -0.454635
34 1 -0.715894
1 34 -0.715894
17 53 -0.791493
53 17 -0.791493
40 56 -0.434579
56 40 -0.434579
34 10 0.131585
10 34 0.131585
15 24 -0.995291
24 15 -0.995291
98 58 -0.982470
58 98 -0.982470
12 73 0.342048
73 12 0.342048
48 66 -0.161378
66 48 -0.161378
45 82 0.889710
82 45 0.889710
56 21 0.004003
21 56 0.004003
77 26 0.300109
26 77 0.300109
53 24 -0.563458
24 53 -0.563458
63 38 -0.096822
38 63 -0.096822
64 48 0.485240
48 64 0.485240
83 62 -0.099039
62 83 -0.099039
78 18 -0.090109
18 78 -0.090109
28 1 0.999626
1 28 0.999626
87 78 -0.497324
78 87 -0.497324
52 30 -0.035597
30 52 -0.035597
74 92 0.720012
92 74 0.720012
19 55 -0.570532
55 19 -0.570532
21 18 0.376878
18 21 0.376878
96 48 -0.224296
48 96 -0.224296
73 89 0.117073
89 73 0.117073
16 72 -0.644487
72 16 -0.644487
41 50 -0.826828
50 41 -0.826828
86 77 -0.285454
77 86 -0.285454
86 64 -0.739010
64 86 -0.739010
12 16 -0.145459
16 12 -0.145459
60 89 -0.308141
89 60 -0.308141
46 8 0.777652
8 46 0.777652
67 29 -0.870548
29 67 -0.870548
75 97 -0.131911
97 75 -0.131911
31 13 -0.695575
13 31 -0.695575
83 39 -0.177114
39 83 -0.177114
19 25 -0.906537
25 19 -0.906537
32 36 -0.600137
36 32 -0.600137
75 96 -0.821372
96 75 -0.821372
10 41 -0.667066
41 10 -0.667066
98 8 -0.093745
8 98 -0.093745
5 43 0.383828
43 5 0.383828
59 18 0.318016
18 59 0.318016
3 48 0.567848
48 3 0.567848
18 96 -0.373418
96 18 -0.373418
82 79 0.404110
79 82 0.404110
24 98 0.900058
98 24 0.900058
28 29 -0.382899
29 28 -0.382899
48 4 -0.480357
4 48 -0.480357
57 13 0.327696
13 57 0.327696
74 11 0.631218
11 74 0.631218
19 15 -0.674384
15 19 -0.674384
33 94 0.522381
94 33 0.522381
34 99 0.030426
99 34 0.030426
29 27 0.606774
27 29 0.606774
60 75 0.672878
75 60 0.672878
52 4 -0.872423
4 52 -0.872423
26 23 -0.576723
23 26 -0.576723
42 11 -0.077581
11 42 -0.077581
56 97 0.287205
97 56 0.287205
32 60 -0.203865
60 32 -0.203865
38 23 0.291792
23 38 0.291792
2 68 0.180457
68 2 0.180457
98 19 0.465085
19 98 0.465085
5 45 0.917458
45 5 0.917458
26 86 -0.873752
86 26 -0.873752
56 49 -0.470660
49 56 -0.470660
34 74 -0.162953
74 34 -0.162953
7 92 -0.814434
92 7 -0.814434
80 96 0.313182
96 80 0.313182
76 22 -0.208735
22 76 -0.208735
82 42 -0.987098
42 82 -0.987098
46 84 -0.963575
84 46 -0.963575
66 18 0.502332
18 66 0.502332
7 16 0.334142
16 7 0.334142
31 53 0.204732
53 31 0.204732
21 59 0.034697
59 21 0.034697
31 39 -0.048386
39 31 -0.048386
84 14 0.378760
14 84 0.378760
42 66 -0.358721
66 42 -0.358721
8 12 -0.681610
12 8 -0.681610
10 77 -0.330585
77 10 -0.330585
85 84 -0.013855
84 85 -0.013855
52 14 -0.959573
14 52 -0.959573
12 35 0.217560
35 12 0.217560
12 48 -0.746911
48 12 -0.746911
80 72 -0.844807
72 80 -0.844807
91 95 0.098410
95 91 0.098410
67 45 -0.357555
45 67 -0.357555
83 54 -0.830720
54 83 -0.830720
16 39 0.835267
39 16 0.835267
65 91 -0.892047
91 65 -0.892047
28 66 -0.917550
66 28 -0.917550
28 77 0.041335
77 28 0.041335
40 57 -0.536920
57 40 -0.536920
48 47 -0.639415
47 48 -0.639415
3 82 0.085420
82 3 0.085420
56 30 0.042437
30 56 0.042437
64 46 0.813376
46 64 0.813376
56 11 0.614189
11 56 0.614189
5 33 -0.520032
33 5 -0.520032
57 72 0.605283
72 57 0.605283
81 20 -0.456590
20 81 -0.456590
99 22 -0.834080
22 99 -0.834080
51 1 0.706321
1 51 0.706321
3 65 -0.387982
65 3 -0.387982
94 20 -0.182673
20 94 -0.182673
75 81 -0.637322
81 75 -0.637322
57 82 -0.534371
82 57 -0.534371
5 87 0.108809
87 5 0.108809
29 44 -0.454695
44 29 -0.454695
9 24 -0.069687
24 9 -0.069687
36 22 0.362241
22 36 0.362241
45 74 -0.741196
74 45 -0.741196
100 25 -0.014076
25 100 -0.014076
86 28 0.542449
28 86 0.542449
16 21 0.934077
21 16 0.934077
57 96 0.545285
96 57 0.545285
75 52 0.171231
52 75 0.171231
54 85 0.756021
85 54 0.756021
81 94 -0.780721
94 81 -0.780721
28 30 -0.355274
30 28 -0.355274
96 74 -0.882220
74 96 -0.882220
22 59 0.150832
59 22 0.150832
99 75 0.566644
75 99 0.566644
96 31 0.467295
31 96 0.467295
73 6 -0.497608
6 73 -0.497608
32 4 0.626264
4 32 0.626264
76 58 0.318881
58 76 0.318881
64 39 0.185523
39 64 0.185523
7 61 0.237038
61 7 0.237038
13 70 -0.298075
70 13 -0.298075
44 91 0.870584
91 44 0.870584
1 90 0.355033
90 1 0.355033
53 57 -0.914039
57 53 -0.914039
78 89 -0.839253
89 78 -0.839253
59 64 0.305767
64 59 0.305767
25 28 -0.933675
28 25 -0.933675
73 10 -0.412765
10 73 -0.412765
63 66 0.561901
66 63 0.561901
31 45 0.250299
45 31 0.250299
30 97 -0.610150
97 30 -0.610150
42 33 0.430468
33 42 0.430468
79 14 -0.794308
14 79 -0.794308
9 48 -0.359481
48 9 -0.359481
7 17 0.935569
17 7 0.935569
37 40 -0.945724
40 37 -0.945724
56 74 0.531234
74 56 0.531234
64 15 -0.819705
15 64 -0.819705
34 32 -0.856921
32 34 -0.856921
36 11 -0.588845
11 36 -0.588845
46 19 0.363926
19 46 0.363926
78 26 0.703317
26 78 0.703317
75 22 0.299913
22 75 0.299913
37 95 0.508747
95 37 0.508747
46 87 0.766888
87 46 0.766888
22 50 -1.540599
50 22 -1.540599
97 19 0.133197
19 97 0.133197
93 77 -0.767342
77 93 -0.767342
79 51 -0.346552
51 79 -0.346552
44 88 -0.452252
88 44 -0.452252
19 30 0.165858
30 19 0.165858
34 76 -0.102374
76 34 -0.102374
22 97 0.894840
97 22 0.894840
26 28 0.587965
28 26 0.587965
50 25 0.958923
25 50 0.958923
7 29 0.876278
29 7 0.876278
74 54 0.016283
54 74 0.016283
61 47 -0.451103
47 61 -0.451103
72 25 0.566542
25 72 0.566542
5 68 0.310893
68 5 0.310893
32 87 0.907427
87 32 0.907427
91 20 0.410420
20 91 0.410420
35 42 0.350334
42 35 0.350334
30 67 0.907461
67 30 0.907461
10 17 -0.595537
17 10 -0.595537
8 24 -0.015581
24 8 -0.015581
59 98 -0.941517
98 59 -0.941517
10 58 -0.009418
58 10 -0.009418
37 30 1.425788
30 37 1.425788
16 34 -0.688520
34 16 -0.688520
81 66 -1.032992
66 81 -1.032992
77 56 -0.039364
56 77 -0.039364
10 30 0.472956
30 10 0.472956
82 5 0.037380
5 82 0.037380
32 42 0.620342
42 32 0.620342
6 57 -0.708930
57 6 -0.708930
48 38 0.597314
38 48 0.597314
24 61 -0.733235
61 24 -0.733235
14 75 0.108109
75 14 0.108109
71 85 0.494262
85 71 0.494262
45 14 -0.782751
14 45 -0.782751
42 94 -0.885906
94 42 -0.885906
36 76 -0.798919
76 36 -0.798919
69 13 -0.841287
13 69 -0.841287
84 60 -0.093206
60 84 -0.093206
99 60 -0.614924
60 99 -0.614924
24 74 1.219906
74 24 1.219906
55 30 1.441026
30 55 1.441026
61 65 0.199539
65 61 0.199539
71 53 0.329736
53 71 0.329736
23 21 0.574030
21 23 0.574030
54 89 -0.860431
89 54 -0.860431
26 3 -0.957527
3 26 -0.957527
3 19 -0.351905
19 3 -0.351905
29 11 -0.889187
11 29 -0.889187
8 41 -0.810186
41 8 -0.810186
46 17 0.528247
17 46 0.528247
21 51 -0.168956
51 21 -0.168956
12 77 0.825167
77 12 0.825167
51 95 -0.026614
95 51 -0.026614
18 97 0.605977
97 18 0.605977
51 59 0.111460
59 51 0.111460
35 88 0.329503
88 35 0.329503
41 95 -0.852035
95 41 -0.852035
27 61 0.485304
61 27 0.485304
68 15 0.568032
15 68 0.568032
99 76 -0.402144
76 99 -0.402144
88 88 24.133881
79 38 -0.985134
38 79 -0.985134
94 6 0.109471
6 94 0.109471
16 81 -0.257065
81 16 -0.257065
24 31 0.552346
31 24 0.552346
22 25 0.056686
25 22 0.056686
100 24 -0.433748
24 100 -0.433748
30 11 -0.692113
11 30 -0.692113
37 89 0.052753
89 37 0.052753
90 60 0.062747
60 90 0.062747
33 76 -0.324640
76 33 -0.324640
70 99 0.286823
99 70 0.286823
47 46 -0.574617
46 47 -0.574617
86 68 -0.077916
68 86 -0.077916
38 67 0.386678
67 38 0.386678
67 97 0.595536
97 67 0.595536
82 33 0.373825
33 82 0.373825
43 4 0.893977
4 43 0.893977
55 94 0.082425
94 55 0.082425
9 26 -0.410224
26 9 -0.410224
42 95 -0.436004
95 42 -0.436004
7 42 0.478726
42 7 0.478726
28 27 -0.180730
27 28 -0.180730
74 65 -0.846339
65 74 -0.846339
23 13 -0.268573
13 23 -0.268573
92 47 -0.876450
47 92 -0.876450
77 89 -0.803662
89 77 -0.803662
71 44 -0.940738
44 71 -0.940738
25 53 -0.435310
53 25 -0.435310
83 1 0.284207
1 83 0.284207
57 28 0.815883
28 57 0.815883
98 2 0.107270
2 98 0.107270
6 45 0.977656
45 6 0.977656
10 67 0.975823
67 10 0.975823
46 59 -0.086371
59 46 -0.086371
62 6 0.569670
6 62 0.569670
93 85 -0.512329
85 93 -0.512329
16 68 -0.509961
68 16 -0.509961
80 24 0.042309
24 80 0.042309
71 22 0.066566
22 71 0.066566
27 27 25.949487
13 36 0.286610
36 13 0.286610
57 34 0.139865
34 57 0.139865
70 61 0.849306
61 70 0.849306
1 54 0.542842
54 1 0.542842
25 70 -0.110490
70 25 -0.110490
50 50 25.368035
2 20 0.797688
20 2 0.797688
55 46 -0.667870
46 55 -0.667870
53 59 0.051113
59 53 0.051113
17 70 -0.313937
70 17 -0.313937
40 27 0.360530
27 40 0.360530
59 88 -0.523706
88 59 -0.523706
51 89 0.541542
89 51 0.541542
28 13 -0.077846
13 28 -0.077846
73 63 0.902336
63 73 0.902336
41 64 -0.702028
64 41 -0.702028
31 19 0.216330
19 31 0.216330
48 71 -0.617966
71 48 -0.617966
35 27 -0.703427
27 35 -0.703427
90 32 -0.835688
32 90 -0.835688
67 60 -0.579094
60 67 -0.579094
8 73 -0.066038
73 8 -0.066038
3 51 -0.550777
51 3 -0.550777
92 85 -0.027821
85 92 -0.027821
39 53 0.030338
53 39 0.030338
59 43 0.659751
43 59 0.659751
68 10 -0.151335
10 68 -0.151335
72 30 -0.058440
30 72 -0.058440
18 53 0.011263
53 18 0.011263
83 37 -0.776667
37 83 -0.776667
19 39 0.042374
39 19 0.042374
41 31 -0.259043
31 41 -0.259043
90 37 -0.515892
37 90 -0.515892
61 75 0.542681
75 61 0.542681
12 34 -0.607029
34 12 -0.607029
95 1 -0.423481
1 95 -0.423481
38 89 0.015479
89 38 0.015479
59 78 -0.335381
78 59 -0.335381
10 61 0.389100
61 10 0.389100
11 80 -0.832334
80 11 -0.832334
63 20 -0.228778
20 63 -0.228778
100 10 0.496341
10 100 0.496341
24 70 -0.006085
70 24 -0.006085
2 82 0.667474
82 2 0.667474
21 77 0.681329
77 21 0.681329
50 14 0.456388
14 50 0.456388
1 25 -0.343996
25 1 -0.343996
81 84 -0.785861
84 81 -0.785861
15 93 0.430090
93 15 0.430090
84 4 0.012706
4 84 0.012706
6 90 -0.009996
90 6 -0.009996
39 12 -0.857841
12 39 -0.857841
23 62 -0.589491
62 23 -0.589491
96 62 -0.090147
62 96 -0.090147
29 43 -0.418251
43 29 -0.418251
39 57 -0.562538
57 39 -0.562538
11 41 -0.495178
41 11 -0.495178
61 33 0.826203
33 61 0.826203
32 63 0.142561
63 32 0.142561
12 69 -0.061994
69 12 -0.061994
92 62 -0.012833
62 92 -0.012833
99 85 -0.789626
85 99 -0.789626
65 8 -0.710814
8 65 -0.710814
95 47 0.421600
47 95 0.421600
42 19 -0.127971
19 42 -0.127971
33 50 -0.871067
50 33 -0.871067
90 62 0.493710
62 90 0.493710
37 22 0.960277
22 37 0.960277
24 13 -0.688354
13 24 -0.688354
35 33 -0.524070
33 35 -0.524070
7 98 -0.367683
98 7 -0.367683
21 92 0.565827
92 21 0.565827
92 8 -0.293450
8 92 -0.293450
4 49 0.067192
49 4 0.067192
47 81 -0.941035
81 47 -0.941035
54 71 0.279652
71 54 0.279652
28 8 0.719257
8 28 0.719257
26 82 0.995993
82 26 0.995993
86 6 0.206423
6 86 0.206423
30 40 -0.102155
40 30 -0.102155
54 46 -0.156677
46 54 -0.156677
86 67 -0.329797
67 86 -0.329797
64 58 -0.184053
58 64 -0.184053
99 61 0.785377
61 99 0.785377
53 8 0.404696
8 53 0.404696
56 61 -0.183535
61 56 -0.183535
20 89 -0.041309
89 20 -0.041309
6 15 -0.413410
15 6 -0.413410
63 83 -0.621231
83 63 -0.621231
79 31 -0.931007
31 79 -0.931007
69 83 -0.782502
83 69 -0.782502
39 38 0.427941
38 39 0.427941
80 57 0.268634
57 80 0.268634
28 62 0.476050
62 28 0.476050
91 84 -0.941291
84 91 -0.941291
65 47 0.717808
47 65 0.717808
11 68 -0.684030
68 11 -0.684030
26 74 -0.286501
74 26 -0.286501
97 53 0.843926
53 97 0.843926
4 27 -0.923297
27 4 -0.923297
93 75 -0.991285
75 93 -0.991285
32 54 0.125009
54 32 0.125009
46 93 0.304456
93 46 0.304456
82 90 -0.640875
90 82 -0.640875
74 46 0.954605
46 74 0.954605
28 76 -0.322516
76 28 -0.322516
52 87 0.038714
87 52 0.038714
2 79 -0.472882
79 2 -0.472882
2 25 0.174228
25 2 0.174228
91 57 -0.551312
57 91 -0.551312
47 5 0.804341
5 47 0.804341
39 51 0.663735
51 39 0.663735
4 33 0.454811
33 4 0.454811
22 6 -0.628400
6 22 -0.628400
20 34 0.890153
34 20 0.890153
54 81 0.480569
81 54 0.480569
15 33 0.201558
33 15 0.201558
67 34 -0.229073
34 67 -0.229073
93 36 0.268389
36 93 0.268389
62 27 -0.595807
27 62 -0.595807
84 74 -1.372326
74 84 -1.372326
75 12 0.502802
12 75 0.502802
30 38 -0.740659
38 30 -0.740659
44 11 -0.455588
11 44 -0.455588
18 25 0.191535
25 18 0.191535
78 91 0.865278
91 78 0.865278
16 83 -0.425645
83 16 -0.425645
100 28 -0.439267
28 100 -0.439267
100 59 0.104943
59 100 0.104943
7 89 0.849839
89 7 0.849839
93 98 0.669109
98 93 0.669109
53 75 0.473381
75 53 0.473381
75 70 -0.995051
70 75 -0.995051
30 69 -0.439789
69 30 -0.439789
58 93 -0.404303
93 58 -0.404303
98 92 0.775140
92 98 0.775140
45 18 -0.698067
18 45 -0.698067
94 84 0.911036
84 94 0.911036
37 29 0.354071
29 37 0.354071
95 35 0.778430
35 95 0.778430
25 32 0.616711
32 25 0.616711
14 85 0.581433
85 14 0.581433
7 23 0.594138
23 7 0.594138
2 77 0.112446
77 2 0.112446
95 13 0.678398
13 95 0.678398
63 24 0.157271
24 63 0.157271
21 91 -0.876580
91 21 -0.876580
45 52 -0.628208
52 45 -0.628208
34 77 0.009697
77 34 0.009697
14 91 -0.306659
91 14 -0.306659
94 82 0.272564
82 94 0.272564
90 88 0.731605
88 90 0.731605
70 90 0.256099
90 70 0.256099
25 85 0.515153
85 25 0.515153
9 47 0.982150
47 9 0.982150
67 68 0.782657
68 67 0.782657
73 16 -0.078376
16 73 -0.078376
76 93 0.491267
93 76 0.491267
26 7 0.292780
7 26 0.292780
61 100 -0.082847
100 61 -0.082847
25 90 -0.333681
90 25 -0.333681
50 93 0.066545
93 50 0.066545
49 60 -0.588656
60 49 -0.588656
82 64 0.757392
64 82 0.757392
56 90 0.887995
90 56 0.887995
21 50 0.879084
50 21 0.879084
67 74 0.662598
74 67 0.662598
100 85 -0.167326
85 100 -0.167326
23 58 -0.498243
58 23 -0.498243
83 56 0.529411
56 83 0.529411
3 93 -0.831328
93 3 -0.831328
39 77 0.940714
77 39 0.940714
35 58 0.217327
58 35 0.217327
22 14 0.008209
14 22 0.008209
17 35 -0.993299
35 17 -0.993299
11 1 0.485368
1 11 0.485368
94 1 0.175814
1 94 0.175814
78 35 0.582036
35 78 0.582036
55 38 0.835207
38 55 0.835207
63 77 -0.039746
77 63 -0.039746
60 11 -0.887181
11 60 -0.887181
21 33 -0.614625
33 21 -0.614625
71 49 1.057154
49 71 1.057154
72 59 0.085953
59 72 0.085953
46 53 0.097448
53 46 0.097448
21 48 -0.403528
48 21 -0.403528
45 25 0.283911
25 45 0.283911
24 79 -0.969842
79 24 -0.969842
96 42 0.551852
42 96 0.551852
44 1 0.754835
1 44 0.754835
69 92 0.364836
92 69 0.364836
23 64 -0.461066
64 23 -0.461066
77 9 0.581390
9 77 0.581390
39 79 -0.231532
79 39 -0.231532
4 2 -0.653773
2 4 -0.653773
5 98 0.173103
98 5 0.173103
83 42 0.189812
42 83 0.189812
70 91 0.613681
91 70 0.613681
90 59 0.452918
59 90 0.452918
58 81 -0.285774
81 58 -0.285774
85 58 -0.321086
58 85 -0.321086
64 89 0.134971
89 64 0.134971
31 98 0.804362
98 31 0.804362
44 37 0.366640
37 44 0.366640
100 44 0.352381
44 100 0.352381
