10 10 38 1
0
38
6 3 -0.967198
3 6 -0.967198
4 10 0.253898
10 4 0.253898
6 6 3.135393
5 10 0.678213
10 5 0.678213
2 9 0.069416
9 2 0.069416
7 3 0.038996
3 7 0.038996
1 2 -0.005378
2 1 -0.005378
5 2 0.116537
2 5 0.116537
9 1 -0.882863
1 9 -0.882863
5 6 -0.308561
6 5 -0.308561
3 10 0.589948
10 3 0.589948
2 2 2.823709
7 1 -0.998461
1 7 -0.998461
8 8 1.991684
3 8 -0.150855
8 3 -0.150855
8 2 0.065323
2 8 0.065323
4 1 0.197372
1 4 0.197372
1 1 2.500000
3 3 2.500000
4 4 2.500000
5 5 2.500000
7 7 2.500000
9 9 2.500000
10 10 2.500000

